2 4 17 39 45 46 52 54 69 94 
1 12 17 25 37 44 52 54 54 90 
4 12 22 41 46 53 67 68 68 95 
8 21 31 46 57 64 84 88 95 98 
3  7 13 20 22 32 32 34 52 99 

98 
1 2 52 65 69 81 85 92 98
 28 31 45 67 68 75 77 79 84 89 23 24 48 57 60 62 69 85 88 96 9 10 33 42 54 61 67 82 88 92 23 29 33 63 72 83 84 88 92 96 


1 2 4 17 28 31 39 45 46 52 52 54 69 75 81 85 92 98 
1 12 17 25 37 44 45 52 54 60 62 67 68 77 79 84 89 94 
4 10 12 23 24 41 46 48 54 57 67 68 68 69 85 88 90 96 
9 21 22 33 42 46 53 54 57 61 64 67 82 88 88 92 95 98 
7 8  22 23 29 31 32 33 34 52 63 72 84 84 88 92 95 96 
2 3  13 20 29 32 33 63 65 69 72 83 84 88 92 96 98 99 
