3 434 3 343 3 3 3 34 3 43 323 989 7984 5898 4 78373 87876 38 
3 434 3 343 3 3 3 34 3 43 323 989 7984 5898 4 78373 87876 38 
3 434 3 343 3 3 3 34 3 43 323 989 7984 5898 4 78373 87876 38 
3 434 3 343 3 3 3 34 3 43 323 989 7984 5898 4 78373 87876 38 
3 434 3 343 3 3 3 34 3 43 323 989 7984 5898 4 78373 87876 38 
3 434 3 343 3 3 3 34 3 43 323 989 7984 5898 4 78373 87876 38 
3 434 3 343 3 3 3 34 3 43 323 989 7984 5898 4 78373 87876 38 
3 434 3 343 3 3 3 34 3 43 323 989 7984 5898 4 78373 87876 38 
3 434 3 343 3 3 3 34 3 43 323 989 7984 5898 4 78373 87876 38 343 333 33
3 434 3 343 3 3 3 34 3 43 323 989 7984 5898 4 78373 87876 38 343 333 33
3 434 3 343 3 3 3 34 3 43 323 989 7984 5898 4 78373 87876 38 343 333 33
3 434 3 343 3 3 3 34 3 43 323 989 7984 5898 4 78373 87876 38 343 333 33
3 434 3 343 3 3 3 34 3 43 323 989 7984 5898 4 78373 87876 38 343 333 33
3 434 3 343 3 3 3 34 3 43 323 989 7984 5898 4 78373 87876 38 343 333 33
3 434 3 343 3 3 3 34 3 43 323 989 7984 5898 4 78373 87876 38 343 333 33
3 434 3 343 3 3 3 34 3 43 323 989 7984 5898 4 78373 87876 38 343 333 33
3 434 3 343 3 3 3 34 3 43 323 989 7984 5898 4 78373 87876 38 343 333 33 0
