-178.342102   18.913826
-154.809372   28.407391
27

15
HI
12
-178.304504   28.385405
-178.314468   28.385746
-178.330566   28.387459
-178.342102   28.388927
-178.339813   28.392273
-178.333344   28.392746
-178.320648   28.392807
-178.307816   28.394899
-178.298874   28.400175
-178.291077   28.407391
-178.290497   28.394138
-178.294540   28.388641

15
HI
7
-175.740997   27.919806
-175.741638   27.923454
-175.737091   27.928402
-175.733627   27.927259
-175.734940   27.924505
-175.737350   27.921520
-175.740997   27.919806

15
HI
7
-175.740662   27.907433
-175.743881   27.907583
-175.744064   27.912766
-175.741394   27.914927
-175.738281   27.913597
-175.740921   27.910934
-175.740662   27.907433

15
HI
5
-175.861572   27.782007
-175.862808   27.786123
-175.858521   27.786539
-175.858475   27.783360
-175.861572   27.782007

15
HI
8
-175.811966   27.777546
-175.814713   27.779062
-175.818054   27.779791
-175.816559   27.782473
-175.812057   27.782730
-175.807434   27.781155
-175.807541   27.778721
-175.811966   27.777546

15
HI
6
-175.895706   27.762028
-175.904953   27.762661
-175.906647   27.765076
-175.905075   27.766842
-175.895187   27.765072
-175.895706   27.762028

15
HI
7
-175.935898   27.747883
-175.942276   27.752869
-175.943802   27.758139
-175.934143   27.759706
-175.932022   27.756479
-175.929947   27.748564
-175.935898   27.747883

15
HI
7
-173.965347   26.055977
-173.977859   26.062843
-173.982803   26.085909
-173.969421   26.088566
-173.959030   26.080111
-173.956879   26.061834
-173.965347   26.055977

15
HI
9
-171.730728   25.751070
-171.746140   25.750568
-171.751465   25.760164
-171.751389   25.781382
-171.737610   25.792097
-171.722366   25.789583
-171.718460   25.776590
-171.720078   25.762859
-171.730728   25.751070

15
HI
8
-167.998505   24.997116
-167.999390   24.999472
-167.999969   25.001759
-168.001266   25.005043
-167.997711   25.004431
-167.995560   25.001871
-167.995834   24.998215
-167.998505   24.997116

15
HI
5
-166.247986   23.867916
-166.252747   23.869291
-166.253326   23.872839
-166.245300   23.871731
-166.247986   23.867916

15
HI
7
-166.292633   23.864462
-166.297989   23.866110
-166.297455   23.869505
-166.283691   23.872631
-166.278641   23.870165
-166.280426   23.866076
-166.292633   23.864462

15
HI
7
-166.220642   23.853935
-166.223907   23.858036
-166.226563   23.862135
-166.225662   23.865953
-166.218231   23.861296
-166.216766   23.854198
-166.220642   23.853935

15
HI
7
-166.209152   23.781681
-166.211899   23.781967
-166.213821   23.783930
-166.214935   23.786917
-166.212082   23.787283
-166.208633   23.783916
-166.209152   23.781681

15
HI
6
-166.169724   23.726048
-166.172852   23.728069
-166.173676   23.731142
-166.174179   23.736132
-166.170227   23.731037
-166.169724   23.726048

15
HI
7
-164.693848   23.569117
-164.706085   23.569265
-164.712448   23.575563
-164.711365   23.583843
-164.700821   23.576902
-164.689255   23.574688
-164.693848   23.569117

15
HI
6
-161.922623   23.050011
-161.935745   23.053579
-161.938049   23.071775
-161.910767   23.065514
-161.910156   23.055073
-161.922623   23.050011

15
HI
128
-157.809052   21.256983
-157.821487   21.260069
-157.825699   21.273167
-157.832474   21.279985
-157.850464   21.286772
-157.865616   21.292715
-157.872055   21.299175
-157.890656   21.302267
-157.891708   21.313831
-157.894257   21.324802
-157.905258   21.327799
-157.913925   21.322540
-157.915619   21.313164
-157.922958   21.305801
-157.948196   21.306898
-157.951813   21.317930
-157.960739   21.319788
-157.982498   21.318651
-158.005585   21.313866
-158.036743   21.307161
-158.062286   21.303520
-158.091568   21.297714
-158.109222   21.298698
-158.115646   21.305485
-158.124878   21.325281
-158.131226   21.350664
-158.139664   21.371429
-158.151337   21.386961
-158.159515   21.394855
-158.173691   21.399696
-158.179245   21.403385
-158.180206   21.410881
-158.182556   21.430967
-158.191513   21.443975
-158.203445   21.455456
-158.219193   21.469851
-158.227982   21.479803
-158.233490   21.484163
-158.233047   21.496992
-158.232758   21.513210
-158.230911   21.531034
-158.242233   21.546873
-158.256989   21.559855
-158.272156   21.572182
-158.285019   21.574911
-158.283768   21.577549
-158.271622   21.580606
-158.256653   21.582497
-158.218262   21.582424
-158.172577   21.583292
-158.136093   21.587364
-158.117783   21.590406
-158.108856   21.605469
-158.079102   21.628839
-158.065689   21.657177
-158.038513   21.685419
-158.014938   21.702360
-157.986115   21.710884
-157.968643   21.711927
-157.951675   21.694059
-157.939316   21.677803
-157.931808   21.659452
-157.921997   21.648748
-157.921783   21.635208
-157.916534   21.621380
-157.906113   21.608950
-157.893295   21.594353
-157.889893   21.585365
-157.876709   21.576494
-157.877289   21.567732
-157.873825   21.559755
-157.868515   21.563511
-157.854279   21.559652
-157.844894   21.542540
-157.837097   21.528900
-157.836182   21.509905
-157.844452   21.510717
-157.853912   21.509907
-157.850403   21.497190
-157.845612   21.482031
-157.845566   21.466129
-157.836823   21.461569
-157.820068   21.457561
-157.814453   21.444044
-157.805420   21.432699
-157.797501   21.432241
-157.792267   21.429234
-157.791565   21.418028
-157.781982   21.415108
-157.768906   21.421455
-157.763733   21.434011
-157.765427   21.441214
-157.780228   21.447144
-157.777313   21.458477
-157.767548   21.463665
-157.745621   21.455965
-157.735352   21.463488
-157.724579   21.462185
-157.729645   21.451317
-157.737030   21.438213
-157.743134   21.428082
-157.745972   21.418097
-157.740662   21.405272
-157.728317   21.400494
-157.718506   21.395863
-157.708878   21.382784
-157.711563   21.375158
-157.712463   21.361677
-157.704025   21.346977
-157.694199   21.331854
-157.679306   21.327263
-157.664093   21.316896
-157.651993   21.314157
-157.653091   21.303057
-157.663788   21.294548
-157.678818   21.285955
-157.689941   21.276455
-157.693466   21.266850
-157.699097   21.263794
-157.711227   21.260780
-157.714478   21.266047
-157.712143   21.279444
-157.720001   21.286329
-157.731705   21.284306
-157.752197   21.280422
-157.777695   21.272087
-157.794922   21.257519
-157.809052   21.256983

15001
HI
504
-155.687469   18.921865
-155.686127   18.926037
-155.685852   18.932028
-155.690323   18.942072
-155.700272   18.949940
-155.706177   18.951246
-155.712402   18.959446
-155.721893   18.963936
-155.726044   18.969439
-155.736908   18.973419
-155.744034   18.973005
-155.762405   18.980421
-155.765396   18.985971
-155.796707   19.005598
-155.800629   19.013556
-155.810562   19.013258
-155.824860   19.018309
-155.834457   19.022003
-155.839584   19.020466
-155.845169   19.023678
-155.853104   19.022406
-155.855255   19.025169
-155.863937   19.027687
-155.867249   19.031639
-155.883926   19.038902
-155.886276   19.055759
-155.892609   19.061943
-155.898331   19.073069
-155.903275   19.076475
-155.902817   19.080744
-155.908783   19.081316
-155.917831   19.107557
-155.921478   19.122025
-155.919937   19.131351
-155.917892   19.132427
-155.920868   19.137880
-155.916748   19.140167
-155.916855   19.142731
-155.913452   19.145355
-155.912369   19.153175
-155.918945   19.157787
-155.914398   19.169411
-155.909622   19.171539
-155.909454   19.174929
-155.912064   19.176474
-155.909607   19.185907
-155.911102   19.190041
-155.908279   19.196835
-155.909134   19.205370
-155.901276   19.214418
-155.903976   19.218155
-155.905380   19.229191
-155.899979   19.242840
-155.903717   19.251158
-155.902573   19.254547
-155.891418   19.291683
-155.892502   19.302759
-155.889862   19.312929
-155.893555   19.321522
-155.893005   19.326380
-155.888702   19.330156
-155.886963   19.335993
-155.893936   19.364119
-155.900208   19.373358
-155.898254   19.379217
-155.903946   19.383984
-155.904953   19.389622
-155.913589   19.399780
-155.911697   19.404985
-155.907883   19.414700
-155.909225   19.417929
-155.917145   19.423229
-155.913986   19.424629
-155.915131   19.428082
-155.919434   19.428534
-155.922287   19.431629
-155.924545   19.455896
-155.926956   19.460199
-155.930954   19.462069
-155.925171   19.468082
-155.925262   19.474113
-155.921310   19.475475
-155.922409   19.479179
-155.931732   19.485266
-155.935654   19.485628
-155.938492   19.481466
-155.945175   19.486879
-155.951492   19.486650
-155.953522   19.490076
-155.951523   19.495445
-155.953659   19.510004
-155.962204   19.516981
-155.963013   19.522673
-155.958817   19.526888
-155.958481   19.535406
-155.961868   19.543926
-155.960464   19.546612
-155.962036   19.551521
-155.969482   19.556561
-155.968719   19.562658
-155.966644   19.564320
-155.970795   19.571257
-155.971436   19.581030
-155.969162   19.583689
-155.974518   19.590921
-155.974350   19.597656
-155.979202   19.603060
-155.977463   19.607000
-155.989365   19.620665
-155.988571   19.626699
-155.993149   19.636112
-155.997910   19.642967
-156.003922   19.640068
-156.018784   19.650312
-156.028976   19.650099
-156.032516   19.653299
-156.035721   19.659246
-156.033783   19.668377
-156.029251   19.672436
-156.028610   19.674623
-156.029282   19.678907
-156.037338   19.686298
-156.036087   19.690252
-156.040283   19.694269
-156.047791   19.696251
-156.051819   19.703575
-156.050766   19.709944
-156.053818   19.719894
-156.064362   19.730766
-156.055847   19.739140
-156.057816   19.749630
-156.052246   19.757235
-156.053024   19.775637
-156.050064   19.777225
-156.048416   19.782200
-156.039703   19.785639
-156.041122   19.791159
-156.032806   19.793549
-156.028641   19.798571
-156.024506   19.799023
-156.016708   19.806128
-156.015778   19.809992
-156.009888   19.813211
-156.009338   19.816748
-156.004028   19.818064
-156.001862   19.821589
-155.999725   19.824610
-156.000549   19.827429
-155.989014   19.834555
-155.989578   19.838182
-155.984100   19.841469
-155.982925   19.845900
-155.968323   19.854330
-155.949249   19.857035
-155.940308   19.852306
-155.926453   19.859001
-155.924149   19.858335
-155.923111   19.860798
-155.926880   19.868446
-155.925491   19.875000
-155.917984   19.879017
-155.915665   19.887127
-155.908768   19.891197
-155.907364   19.896559
-155.909943   19.900311
-155.903931   19.903524
-155.904327   19.908300
-155.901749   19.912451
-155.890244   19.917770
-155.894089   19.923136
-155.894379   19.927225
-155.889465   19.929527
-155.892532   19.932161
-155.887619   19.936974
-155.882294   19.936646
-155.880157   19.937647
-155.880630   19.945801
-155.872131   19.946823
-155.870972   19.950167
-155.864441   19.954609
-155.864212   19.958321
-155.856827   19.969006
-155.840698   19.976952
-155.838684   19.975529
-155.834122   19.977205
-155.835175   19.980478
-155.831268   19.985260
-155.833969   19.988405
-155.828964   19.995543
-155.830933   20.002876
-155.827881   20.006685
-155.829819   20.010918
-155.825363   20.026358
-155.835190   20.042013
-155.841919   20.053200
-155.846497   20.055550
-155.846878   20.059629
-155.854355   20.065670
-155.862320   20.077608
-155.867371   20.079144
-155.870407   20.087055
-155.874405   20.089600
-155.881683   20.105736
-155.884384   20.107407
-155.886734   20.109594
-155.887970   20.116776
-155.887314   20.119249
-155.894852   20.128468
-155.894196   20.134800
-155.899155   20.145727
-155.898193   20.153399
-155.903641   20.167301
-155.904861   20.182695
-155.903442   20.186951
-155.906708   20.190239
-155.904922   20.191984
-155.907471   20.199215
-155.904449   20.211182
-155.906281   20.216198
-155.901932   20.227503
-155.902740   20.233482
-155.899521   20.240076
-155.892242   20.247259
-155.890915   20.255184
-155.884293   20.260832
-155.869171   20.269428
-155.853302   20.271547
-155.848663   20.268593
-155.838486   20.270699
-155.836227   20.267626
-155.832916   20.268522
-155.828964   20.263220
-155.815247   20.261929
-155.803574   20.255253
-155.800766   20.251568
-155.793335   20.251968
-155.780853   20.245481
-155.776352   20.245092
-155.773590   20.249779
-155.772736   20.245411
-155.767746   20.244450
-155.763840   20.239836
-155.760605   20.241369
-155.755890   20.238955
-155.755035   20.232534
-155.751038   20.233107
-155.749893   20.229864
-155.746902   20.232327
-155.736572   20.221375
-155.733902   20.223104
-155.733276   20.220043
-155.736313   20.214914
-155.733719   20.206852
-155.719666   20.200155
-155.718735   20.195621
-155.715805   20.197203
-155.698715   20.188438
-155.691284   20.181324
-155.683838   20.181662
-155.653961   20.167360
-155.649536   20.159739
-155.643295   20.156630
-155.640045   20.148199
-155.624557   20.145912
-155.617661   20.140661
-155.610123   20.139854
-155.598038   20.124540
-155.590927   20.122498
-155.581680   20.123617
-155.573975   20.128555
-155.559052   20.131851
-155.539383   20.122555
-155.534515   20.123953
-155.524139   20.120449
-155.516571   20.115108
-155.498993   20.115532
-155.492676   20.110695
-155.475342   20.106400
-155.473114   20.103788
-155.460617   20.102352
-155.452972   20.096703
-155.443008   20.094707
-155.440323   20.095285
-155.439163   20.092201
-155.419312   20.085463
-155.414810   20.080912
-155.404984   20.078812
-155.396973   20.070522
-155.380157   20.065512
-155.358719   20.053083
-155.348572   20.052114
-155.341507   20.045382
-155.325455   20.036428
-155.277481   20.019228
-155.264420   20.008581
-155.254242   20.003687
-155.250809   19.997965
-155.242676   19.996935
-155.243607   19.993914
-155.240921   19.990173
-155.214951   19.977793
-155.204651   19.969648
-155.203415   19.966173
-155.199585   19.963465
-155.198273   19.958157
-155.186584   19.955521
-155.160385   19.935232
-155.153854   19.926731
-155.140793   19.917805
-155.137299   19.913084
-155.137970   19.910681
-155.131226   19.906801
-155.131378   19.903057
-155.127792   19.903751
-155.121826   19.891563
-155.121796   19.885742
-155.113113   19.882298
-155.112778   19.878624
-155.107529   19.872469
-155.102768   19.870417
-155.099976   19.871956
-155.098724   19.867811
-155.095047   19.867882
-155.090714   19.862535
-155.090729   19.856544
-155.085953   19.855520
-155.086868   19.852119
-155.084351   19.849735
-155.087433   19.845425
-155.085159   19.838938
-155.088974   19.826656
-155.091782   19.823126
-155.094131   19.813932
-155.096436   19.813126
-155.095840   19.809923
-155.089569   19.806856
-155.088562   19.803593
-155.092880   19.797777
-155.092499   19.790854
-155.088791   19.786314
-155.090881   19.781713
-155.090103   19.778225
-155.093521   19.771832
-155.091217   19.765799
-155.093445   19.754354
-155.092545   19.741081
-155.089645   19.730423
-155.080490   19.727165
-155.072571   19.730392
-155.067764   19.734070
-155.060547   19.731813
-155.055267   19.735880
-155.049652   19.734728
-155.042923   19.742142
-155.034653   19.741167
-155.034149   19.737434
-155.031189   19.736416
-155.028671   19.738680
-155.024902   19.735151
-155.016586   19.737703
-155.016418   19.740549
-155.012665   19.738119
-155.006409   19.739286
-154.995468   19.724218
-154.984802   19.702663
-154.984512   19.695135
-154.980927   19.690630
-154.985870   19.675325
-154.985565   19.661194
-154.981674   19.655966
-154.985474   19.646793
-154.983780   19.641647
-154.978378   19.635826
-154.967499   19.631166
-154.961548   19.625933
-154.955658   19.627609
-154.949570   19.626247
-154.947647   19.621674
-154.951004   19.613613
-154.947098   19.604856
-154.934509   19.598726
-154.928436   19.593616
-154.922791   19.584459
-154.914764   19.582184
-154.906357   19.571836
-154.891647   19.565079
-154.885254   19.559248
-154.875015   19.556799
-154.869675   19.551117
-154.852631   19.549171
-154.849991   19.545540
-154.837387   19.538355
-154.826736   19.537626
-154.814423   19.530090
-154.809372   19.519087
-154.813782   19.514690
-154.815002   19.504913
-154.817398   19.503237
-154.819534   19.505245
-154.823410   19.502234
-154.821014   19.498848
-154.817902   19.499130
-154.819229   19.494276
-154.823715   19.480015
-154.833282   19.472755
-154.838547   19.463642
-154.845978   19.460529
-154.850861   19.452940
-154.868546   19.438126
-154.878250   19.434113
-154.881149   19.428543
-154.887817   19.426426
-154.891342   19.418781
-154.910431   19.410025
-154.926239   19.398554
-154.931763   19.397520
-154.937195   19.386438
-154.963821   19.365667
-154.972229   19.363773
-154.972397   19.360348
-154.980865   19.349293
-155.006943   19.337564
-155.016479   19.336142
-155.019241   19.331570
-155.030869   19.327023
-155.048904   19.320833
-155.057053   19.320675
-155.061249   19.316618
-155.074265   19.314865
-155.090836   19.300943
-155.104050   19.296438
-155.126190   19.280096
-155.133698   19.276100
-155.144257   19.276798
-155.158844   19.268553
-155.172531   19.269110
-155.187195   19.266302
-155.195374   19.259050
-155.197235   19.261475
-155.211121   19.259687
-155.235580   19.265669
-155.236786   19.269505
-155.244949   19.271809
-155.252594   19.270823
-155.265533   19.274117
-155.278671   19.268391
-155.281845   19.269762
-155.296768   19.266291
-155.303802   19.261835
-155.318970   19.245426
-155.331467   19.240362
-155.341385   19.233919
-155.351654   19.215303
-155.360626   19.208929
-155.374283   19.203459
-155.392151   19.200575
-155.404175   19.190348
-155.417374   19.187859
-155.452866   19.152105
-155.466537   19.146744
-155.474289   19.147320
-155.488235   19.140808
-155.497955   19.141802
-155.503189   19.137550
-155.506836   19.139303
-155.507828   19.134922
-155.513062   19.131557
-155.512146   19.124296
-155.517868   19.121243
-155.519653   19.117025
-155.527817   19.116692
-155.544373   19.093340
-155.545242   19.088987
-155.552673   19.088356
-155.557632   19.082464
-155.554276   19.054501
-155.557373   19.046566
-155.566452   19.032532
-155.581909   19.022240
-155.586975   19.007828
-155.596039   18.998835
-155.596527   18.980654
-155.601257   18.977337
-155.601868   18.971573
-155.608841   18.971834
-155.613052   18.968861
-155.615204   18.975452
-155.617859   18.971373
-155.620270   18.973030
-155.622574   18.971561
-155.625519   18.965199
-155.625015   18.959934
-155.630142   18.951347
-155.633331   18.950291
-155.635925   18.943901
-155.641052   18.939240
-155.649231   18.939121
-155.650681   18.932505
-155.659821   18.923977
-155.666641   18.922985
-155.667404   18.919758
-155.671997   18.919783
-155.676117   18.915262
-155.683655   18.913826

15005
HI
49
-157.014618   21.185579
-157.014557   21.185566
-156.999100   21.182222
-156.990204   21.186283
-156.982330   21.206440
-156.984039   21.212198
-156.973999   21.218504
-156.969070   21.217018
-156.960068   21.207920
-156.958832   21.201910
-156.951645   21.191662
-156.950821   21.182636
-156.946167   21.175964
-156.934143   21.172300
-156.929092   21.173029
-156.922577   21.171661
-156.917679   21.175047
-156.917053   21.170559
-156.916458   21.170187
-156.921036   21.162935
-156.917099   21.163712
-156.906967   21.151621
-156.902359   21.149117
-156.896072   21.149399
-156.900284   21.145424
-156.898941   21.140833
-156.901718   21.134300
-156.900238   21.131626
-156.918076   21.129480
-156.929214   21.138720
-156.935074   21.150780
-156.941635   21.156216
-156.942123   21.160173
-156.948273   21.154207
-156.956345   21.155872
-156.958923   21.160948
-156.958710   21.174549
-156.960678   21.179363
-156.963165   21.179554
-156.961639   21.176060
-156.964813   21.166016
-156.959854   21.161526
-156.964508   21.159346
-156.971634   21.165655
-156.973648   21.175240
-156.979324   21.178104
-157.004135   21.178514
-157.002869   21.176123
-157.014603   21.182346

15007
HI
147
-159.447357   21.871477
-159.473450   21.881401
-159.476242   21.884048
-159.485107   21.883987
-159.491547   21.888903
-159.501953   21.887117
-159.505478   21.891161
-159.511139   21.889629
-159.516541   21.891119
-159.527969   21.888069
-159.529266   21.885782
-159.534760   21.889997
-159.554428   21.890356
-159.572540   21.897314
-159.577713   21.895735
-159.589645   21.901815
-159.594299   21.906923
-159.599899   21.905748
-159.601868   21.902241
-159.600174   21.898087
-159.607162   21.895327
-159.610855   21.897818
-159.610764   21.902983
-159.619690   21.905199
-159.623825   21.909906
-159.628845   21.910398
-159.634064   21.914766
-159.647781   21.930887
-159.646561   21.933083
-159.651581   21.934841
-159.652191   21.942051
-159.663696   21.946030
-159.668518   21.954941
-159.684784   21.960882
-159.709564   21.963816
-159.718140   21.970285
-159.759811   21.981272
-159.766479   21.987560
-159.776199   22.007893
-159.788147   22.018412
-159.790924   22.031178
-159.786697   22.050531
-159.786469   22.068163
-159.748154   22.100388
-159.735794   22.130127
-159.735031   22.138386
-159.725632   22.153011
-159.712677   22.158463
-159.709671   22.162094
-159.706253   22.160765
-159.699265   22.165751
-159.688705   22.166380
-159.678192   22.170292
-159.675934   22.168678
-159.674500   22.171543
-159.672699   22.169807
-159.669846   22.170782
-159.655167   22.181377
-159.642624   22.186411
-159.629120   22.198648
-159.616547   22.204020
-159.598999   22.214445
-159.584625   22.226696
-159.577240   22.226995
-159.569183   22.223600
-159.560455   22.229574
-159.548462   22.226156
-159.543274   22.217155
-159.534470   22.221371
-159.532730   22.218740
-159.520462   22.217220
-159.516891   22.207018
-159.507858   22.205963
-159.501175   22.212187
-159.500580   22.226341
-159.488190   22.233576
-159.479813   22.233028
-159.465225   22.226616
-159.456833   22.229572
-159.438126   22.226629
-159.433960   22.221178
-159.430389   22.220692
-159.428329   22.226971
-159.412140   22.228125
-159.407272   22.230766
-159.405273   22.236010
-159.399689   22.232960
-159.397476   22.227917
-159.386673   22.225464
-159.387756   22.222202
-159.385483   22.219944
-159.378494   22.220652
-159.367401   22.214712
-159.359238   22.215044
-159.357117   22.217733
-159.352997   22.217937
-159.349396   22.214819
-159.334000   22.203096
-159.334656   22.200338
-159.331909   22.197182
-159.315613   22.186449
-159.313263   22.173033
-159.307785   22.160183
-159.308899   22.152666
-159.302643   22.149422
-159.299454   22.151262
-159.296158   22.141144
-159.295563   22.128368
-159.299332   22.116117
-159.297409   22.113714
-159.304108   22.103994
-159.307571   22.101768
-159.309296   22.090775
-159.320114   22.077822
-159.321594   22.063231
-159.324097   22.060001
-159.338058   22.050703
-159.341202   22.021210
-159.333420   21.994545
-159.335831   21.984936
-159.333405   21.963467
-159.338531   21.957823
-159.350891   21.951017
-159.350494   21.947548
-159.353195   21.944614
-159.349152   21.940224
-159.356613   21.939547
-159.357819   21.934872
-159.364929   21.934582
-159.369080   21.932474
-159.371063   21.928272
-159.386139   21.922302
-159.386749   21.916883
-159.392365   21.913275
-159.391602   21.908337
-159.389908   21.906532
-159.393188   21.904514
-159.400299   21.905954
-159.406418   21.901733
-159.406982   21.896587
-159.412857   21.895855
-159.412979   21.892921
-159.420273   21.890997
-159.421814   21.885450
-159.432266   21.883310
-159.436768   21.877354
-159.442749   21.876820

15007
HI
84
-160.205856   21.779518
-160.209335   21.784498
-160.218048   21.783756
-160.225510   21.791655
-160.232330   21.790749
-160.236404   21.792442
-160.235825   21.798571
-160.238892   21.803228
-160.246155   21.805956
-160.243927   21.810120
-160.249756   21.816614
-160.246475   21.832024
-160.248596   21.835249
-160.246902   21.839972
-160.249924   21.841278
-160.248535   21.846970
-160.243668   21.850080
-160.236847   21.859657
-160.235580   21.876011
-160.232300   21.879000
-160.232117   21.885603
-160.228806   21.890308
-160.217941   21.895971
-160.207138   21.906050
-160.202713   21.912422
-160.191116   21.921457
-160.190033   21.925674
-160.168243   21.932074
-160.165359   21.939047
-160.138428   21.947695
-160.127289   21.955507
-160.116394   21.975979
-160.117371   21.984777
-160.112747   21.987885
-160.112747   21.995247
-160.106674   21.998352
-160.102417   21.996979
-160.096451   22.001490
-160.094971   22.005432
-160.091675   22.005842
-160.088181   22.000000
-160.077728   22.000000
-160.072937   22.003580
-160.063553   21.999763
-160.060684   21.998194
-160.054321   21.990561
-160.052002   21.983683
-160.056335   21.977940
-160.060547   21.976730
-160.063339   21.978354
-160.065811   21.976563
-160.070709   21.969982
-160.073029   21.960226
-160.078400   21.955154
-160.085785   21.927296
-160.082947   21.916170
-160.075821   21.903275
-160.076523   21.900501
-160.077179   21.895876
-160.083466   21.894957
-160.089539   21.889486
-160.091782   21.890896
-160.097687   21.884945
-160.101715   21.886490
-160.109650   21.879124
-160.112946   21.881845
-160.121506   21.877117
-160.129486   21.879265
-160.131271   21.875410
-160.142014   21.872993
-160.144150   21.874479
-160.161621   21.864746
-160.169250   21.854982
-160.169510   21.851084
-160.174805   21.846924
-160.176361   21.839203
-160.178833   21.838572
-160.189926   21.822186
-160.196594   21.807968
-160.194778   21.804358
-160.203812   21.793419
-160.205215   21.789055
-160.200439   21.786480
-160.205856   21.779518

15007
HI
7
-160.549316   21.645353
-160.554123   21.649546
-160.555771   21.668287
-160.551041   21.670101
-160.543320   21.667128
-160.542404   21.648081
-160.549316   21.645353

15009
HI
167
-157.014618   21.185579
-157.014603   21.182346
-157.002869   21.176123
-157.004135   21.178514
-156.979324   21.178104
-156.973648   21.175240
-156.971634   21.165655
-156.964508   21.159346
-156.959854   21.161526
-156.964813   21.166016
-156.961639   21.176060
-156.963165   21.179554
-156.960678   21.179363
-156.958710   21.174549
-156.958923   21.160948
-156.956345   21.155872
-156.948273   21.154207
-156.942123   21.160173
-156.941635   21.156216
-156.935074   21.150780
-156.929214   21.138720
-156.918076   21.129480
-156.900238   21.131626
-156.901718   21.134300
-156.898941   21.140833
-156.900284   21.145424
-156.896072   21.149399
-156.902359   21.149117
-156.906967   21.151621
-156.917099   21.163712
-156.921036   21.162935
-156.916458   21.170187
-156.910843   21.166719
-156.907379   21.168634
-156.903473   21.164209
-156.898178   21.165939
-156.895233   21.169970
-156.897079   21.173241
-156.887955   21.171272
-156.884430   21.164188
-156.881805   21.164289
-156.880157   21.168283
-156.876266   21.169807
-156.869675   21.164610
-156.854858   21.166540
-156.846725   21.170031
-156.836151   21.166615
-156.821381   21.175007
-156.806213   21.178570
-156.797394   21.170975
-156.791412   21.172300
-156.787888   21.177225
-156.775040   21.177414
-156.772339   21.179968
-156.749222   21.177614
-156.742218   21.176214
-156.738342   21.172020
-156.738632   21.161980
-156.734253   21.162462
-156.730560   21.160845
-156.719391   21.163912
-156.712708   21.161549
-156.713882   21.151093
-156.717728   21.145546
-156.725632   21.132452
-156.731995   21.129114
-156.738770   21.117476
-156.742889   21.117466
-156.742355   21.114811
-156.747711   21.114023
-156.746857   21.110874
-156.748993   21.108448
-156.772659   21.092651
-156.778030   21.086014
-156.784897   21.086067
-156.791077   21.081463
-156.794174   21.075636
-156.803055   21.073187
-156.805161   21.070086
-156.820969   21.068567
-156.831879   21.062927
-156.835342   21.063360
-156.838913   21.057262
-156.851852   21.054176
-156.851807   21.059494
-156.858475   21.060049
-156.862625   21.057249
-156.866516   21.057549
-156.869858   21.052643
-156.873779   21.053629
-156.877014   21.049318
-156.883270   21.051235
-156.885300   21.049788
-156.893463   21.052761
-156.897858   21.058382
-156.908478   21.059549
-156.952835   21.066612
-156.964996   21.071320
-156.969696   21.070198
-156.971786   21.073301
-156.980927   21.074577
-156.987930   21.078522
-157.001495   21.082438
-157.030899   21.090433
-157.038071   21.098030
-157.051315   21.099243
-157.065353   21.104624
-157.094025   21.105282
-157.096024   21.108765
-157.105057   21.104279
-157.115356   21.104357
-157.121796   21.101173
-157.125015   21.102600
-157.152084   21.094322
-157.157288   21.096230
-157.163681   21.094288
-157.171738   21.095964
-157.194946   21.094673
-157.197876   21.094326
-157.245667   21.091360
-157.249588   21.089880
-157.254059   21.090603
-157.279968   21.094200
-157.307571   21.098303
-157.313721   21.105183
-157.303162   21.118404
-157.301620   21.123993
-157.303223   21.127693
-157.298981   21.132786
-157.299194   21.136311
-157.292221   21.140974
-157.293198   21.143927
-157.291580   21.149820
-157.284348   21.157757
-157.281693   21.157648
-157.280228   21.161251
-157.274506   21.162762
-157.255417   21.180120
-157.255280   21.186022
-157.251007   21.190952
-157.251389   21.202017
-157.251984   21.206289
-157.253677   21.210421
-157.263168   21.220875
-157.260498   21.225885
-157.256989   21.227373
-157.241531   21.220970
-157.224304   21.220278
-157.218277   21.221142
-157.214508   21.224417
-157.205139   21.218039
-157.202347   21.219744
-157.194748   21.209650
-157.189514   21.206415
-157.172943   21.204174
-157.160950   21.205475
-157.158005   21.200867
-157.152725   21.202011
-157.146881   21.199894
-157.145615   21.202663
-157.135468   21.201180
-157.131577   21.202627
-157.113434   21.197376
-157.096634   21.198400
-157.064270   21.189075
-157.053055   21.188753
-157.043304   21.191671

15009
HI
278
-156.373886   20.577925
-156.380829   20.578957
-156.386871   20.583948
-156.393539   20.582071
-156.401031   20.585011
-156.403824   20.582085
-156.406815   20.585909
-156.415314   20.586100
-156.417526   20.589727
-156.415741   20.594044
-156.417068   20.597523
-156.424042   20.602957
-156.426743   20.600775
-156.431183   20.598097
-156.438385   20.601337
-156.440781   20.606712
-156.444244   20.607943
-156.442886   20.613842
-156.439804   20.616035
-156.440247   20.621101
-156.448547   20.633383
-156.455170   20.636229
-156.455917   20.639669
-156.449722   20.643211
-156.449402   20.647539
-156.446365   20.648537
-156.443680   20.656017
-156.446655   20.658382
-156.444229   20.664814
-156.446762   20.670116
-156.447845   20.682524
-156.445999   20.685991
-156.449982   20.707458
-156.449661   20.719854
-156.452896   20.731289
-156.459137   20.738794
-156.462677   20.761387
-156.462067   20.772572
-156.464890   20.783375
-156.475525   20.792255
-156.489502   20.798340
-156.500000   20.800093
-156.508972   20.798466
-156.516739   20.793453
-156.525238   20.780231
-156.527939   20.781260
-156.533539   20.777637
-156.539413   20.777264
-156.546661   20.783569
-156.567917   20.794928
-156.585434   20.797445
-156.610779   20.812878
-156.626129   20.811157
-156.634659   20.827452
-156.643005   20.835209
-156.650650   20.838345
-156.657791   20.849533
-156.671814   20.861786
-156.680222   20.873119
-156.681015   20.876331
-156.690140   20.885180
-156.687805   20.890720
-156.687683   20.905144
-156.691330   20.912439
-156.699890   20.920630
-156.697784   20.928177
-156.699738   20.930447
-156.695679   20.936384
-156.694931   20.950933
-156.689438   20.958498
-156.682007   20.978289
-156.676468   20.984800
-156.677429   20.987480
-156.672409   20.991627
-156.672241   20.996605
-156.668945   20.999554
-156.671173   21.002045
-156.669189   21.004856
-156.669754   21.009905
-156.665527   21.007053
-156.660614   21.007574
-156.659470   21.011753
-156.656570   21.007772
-156.653351   21.008333
-156.647934   21.015385
-156.645035   21.014429
-156.644470   21.017324
-156.640594   21.016781
-156.644073   21.024412
-156.641922   21.028328
-156.633286   21.028601
-156.630554   21.025679
-156.619461   21.027969
-156.612930   21.024345
-156.606247   21.034372
-156.596100   21.034046
-156.594589   21.032167
-156.591583   21.034122
-156.590485   21.025908
-156.584229   21.020433
-156.575119   21.021280
-156.568802   21.015085
-156.560165   21.015118
-156.555145   21.002300
-156.552231   21.001266
-156.549805   21.004940
-156.546295   21.005081
-156.539978   20.988907
-156.529129   20.988720
-156.528854   20.983812
-156.526855   20.981560
-156.529755   20.978243
-156.528244   20.967758
-156.522217   20.963491
-156.518707   20.954662
-156.511475   20.951002
-156.509811   20.939631
-156.499481   20.934578
-156.495758   20.927622
-156.494125   20.917562
-156.491028   20.913496
-156.485718   20.912500
-156.482559   20.901545
-156.474792   20.894547
-156.468063   20.901054
-156.456161   20.900118
-156.441620   20.904865
-156.426086   20.913717
-156.415405   20.911392
-156.407257   20.916487
-156.387817   20.919018
-156.379150   20.926235
-156.374374   20.927134
-156.371628   20.933172
-156.359665   20.937134
-156.358475   20.939451
-156.354874   20.939091
-156.352615   20.941881
-156.345642   20.941595
-156.342361   20.938738
-156.340790   20.941763
-156.332214   20.948339
-156.328171   20.946657
-156.324509   20.950411
-156.321671   20.945658
-156.317673   20.948374
-156.307358   20.942354
-156.299026   20.946312
-156.295715   20.944580
-156.285187   20.948683
-156.276779   20.937704
-156.271851   20.937639
-156.265335   20.942818
-156.259323   20.935999
-156.257034   20.936398
-156.255325   20.941252
-156.253357   20.939390
-156.250870   20.940701
-156.241913   20.938536
-156.242050   20.933411
-156.238953   20.935101
-156.234985   20.930946
-156.230164   20.931936
-156.230103   20.917864
-156.217468   20.916643
-156.216217   20.907009
-156.214081   20.905687
-156.210739   20.905428
-156.198654   20.896564
-156.198898   20.891939
-156.194626   20.894840
-156.194366   20.891125
-156.178528   20.879808
-156.177277   20.876602
-156.174973   20.877682
-156.171356   20.875467
-156.169907   20.863317
-156.165802   20.866957
-156.160980   20.865282
-156.159576   20.861834
-156.155228   20.862738
-156.151001   20.864569
-156.148773   20.869102
-156.145432   20.866480
-156.146759   20.861074
-156.133881   20.862156
-156.134476   20.858856
-156.131348   20.857878
-156.129379   20.847513
-156.131439   20.844137
-156.128662   20.843237
-156.127930   20.839853
-156.123566   20.841196
-156.116013   20.827440
-156.112564   20.828371
-156.109528   20.826439
-156.107071   20.828651
-156.100128   20.828503
-156.095413   20.831905
-156.090332   20.832026
-156.076141   20.822386
-156.071182   20.821941
-156.059799   20.810539
-156.057129   20.811693
-156.054016   20.809864
-156.051773   20.811764
-156.044754   20.808332
-156.041565   20.810377
-156.033279   20.808247
-156.003754   20.795734
-156.005814   20.790859
-155.996490   20.785994
-155.987808   20.776754
-155.986877   20.770082
-155.982391   20.768991
-155.989822   20.763084
-155.986847   20.758577
-155.981888   20.759209
-155.982803   20.756098
-155.986404   20.753963
-155.985229   20.743595
-155.988907   20.734489
-155.985733   20.729580
-155.987289   20.722588
-155.990768   20.721933
-155.990479   20.712250
-155.996826   20.709639
-155.996078   20.707359
-156.000000   20.703762
-156.000931   20.697987
-156.003662   20.697588
-156.011078   20.688202
-156.014496   20.685514
-156.020599   20.686756
-156.024643   20.683409
-156.030701   20.682451
-156.041641   20.672726
-156.043121   20.664705
-156.047531   20.661255
-156.048401   20.655968
-156.058853   20.652206
-156.065933   20.651377
-156.067047   20.649296
-156.081375   20.654419
-156.096375   20.643785
-156.101440   20.645342
-156.108459   20.642902
-156.110474   20.644140
-156.120987   20.633686
-156.127197   20.632866
-156.130768   20.626341
-156.137222   20.627146
-156.138489   20.622995
-156.142334   20.624584
-156.143173   20.621336
-156.148087   20.629068
-156.157288   20.629564
-156.165955   20.623796
-156.169113   20.627419
-156.173386   20.624100
-156.177734   20.624487
-156.181946   20.630375
-156.203003   20.630554
-156.225342   20.622940
-156.231918   20.616528
-156.241638   20.614574
-156.249039   20.608841
-156.252747   20.609388
-156.264130   20.602032
-156.284286   20.596539
-156.289627   20.590628
-156.300354   20.586338
-156.330963   20.588242
-156.341843   20.583664
-156.344666   20.587088
-156.351715   20.586969
-156.353210   20.583754
-156.373886   20.577925

15009
HI
63
-156.966797   20.734966
-156.971024   20.743511
-156.984756   20.756678
-156.991455   20.781570
-156.994064   20.782984
-156.994827   20.786739
-156.992020   20.788433
-156.995270   20.789644
-156.991241   20.795202
-156.993256   20.798679
-156.990417   20.799603
-156.993057   20.804092
-156.990402   20.805849
-156.988922   20.815235
-156.991837   20.826605
-157.010910   20.854477
-157.032318   20.866158
-157.039673   20.866028
-157.039474   20.868786
-157.047012   20.872520
-157.052322   20.873384
-157.054794   20.876104
-157.055313   20.881615
-157.058884   20.883587
-157.061142   20.890636
-157.064041   20.892723
-157.059143   20.913408
-157.034348   20.927492
-156.990234   20.932449
-156.971603   20.926254
-156.940186   20.926617
-156.917648   20.922918
-156.897171   20.915396
-156.883591   20.906757
-156.875595   20.896950
-156.869522   20.893829
-156.858170   20.881214
-156.831787   20.858740
-156.809067   20.825502
-156.809464   20.809170
-156.838318   20.764576
-156.846420   20.760202
-156.855301   20.761152
-156.862885   20.756578
-156.869766   20.754702
-156.879623   20.746250
-156.890533   20.746420
-156.889465   20.741903
-156.892731   20.740852
-156.892929   20.738585
-156.895782   20.738068
-156.896423   20.742298
-156.901489   20.743767
-156.910004   20.739141
-156.912231   20.740999
-156.914047   20.739405
-156.921005   20.741344
-156.926483   20.738495
-156.930099   20.739914
-156.937241   20.737526
-156.939728   20.739578
-156.948746   20.739710
-156.966797   20.734966

15009
HI
68
-156.675797   20.503775
-156.678787   20.506861
-156.682938   20.506777
-156.686615   20.511160
-156.684509   20.514502
-156.687119   20.518574
-156.703674   20.527239
-156.702972   20.531567
-156.696655   20.541645
-156.678925   20.555384
-156.679535   20.558632
-156.665695   20.561033
-156.662323   20.564503
-156.658279   20.563541
-156.655350   20.565351
-156.649139   20.564821
-156.645859   20.569588
-156.633331   20.575623
-156.626266   20.582582
-156.614594   20.587111
-156.612564   20.591244
-156.611206   20.593573
-156.608154   20.592018
-156.605988   20.595751
-156.583618   20.605261
-156.569870   20.606121
-156.553604   20.594730
-156.552994   20.590208
-156.548950   20.588257
-156.541534   20.578659
-156.541641   20.571091
-156.550217   20.569321
-156.549789   20.555838
-156.554901   20.549353
-156.556519   20.538427
-156.553223   20.536648
-156.546631   20.540176
-156.542557   20.537336
-156.536301   20.537407
-156.535828   20.528357
-156.543015   20.524920
-156.543869   20.518642
-156.547028   20.514957
-156.551987   20.516022
-156.555466   20.520761
-156.559998   20.521893
-156.562408   20.518717
-156.571548   20.518854
-156.576920   20.513821
-156.583267   20.514263
-156.587479   20.510281
-156.593307   20.513908
-156.597397   20.523363
-156.602158   20.526905
-156.607056   20.516209
-156.610809   20.516479
-156.613007   20.519844
-156.623322   20.517902
-156.642548   20.508007
-156.647476   20.512018
-156.646225   20.514858
-156.648590   20.518505
-156.659393   20.508162
-156.664673   20.507078
-156.667267   20.505379
-156.668869   20.503590
-156.671494   20.506699
-156.675797   20.503775
